763152489 712948653 492536178 675213984 
495768321 639725418 875491326 894675123 
218439567 854361729 316872495 321489567 
359876214 576234981 953148762 736941258 
871294635 398617245 781623954 159728436 
624315978 241589367 624957813 482536719 
182543796 467153892 568319247 513897642 
947621853 123896574 147285639 267354891 
536987142 985472136 239764581 948162375

957213486 741839256 296451387 637451298 
826549173 269457138 475983126 918326745 
341687925 853162749 813762495 245987316 
489375261 692785413 184395762 179263854 
732196548 184623975 932176548 523894167 
615428397 537914862 657248931 864175932 
264751839 975348621 729614853 351748629 
593864712 426591387 561839274 482639571 
178932654 318276594 348527619 796512483

348671529 529713864 587419362 529137486 
769352841 873465192 219356874 378564912 
125489637 164829357 463287951 614928573 
814723956 731952648 721968543 493251867 
592846173 652148973 658734129 167893245 
637195482 948637215 934125786 852746139 
453917268 485391726 375641298 986472351 
271568394 217586439 842593617 231685794 
986234715 396274581 196872435 745319628

867234195 653824791 428365791 638971452 
425169378 798135642 317849562 172654938 
913587624 421967538 956217843 945328167 
359618742 987452316 645182379 369712584 
281475963 246371859 831976254 521843679 
746392581 315689427 279453186 487569321 
198723456 562793184 592638417 713295846 
674851239 834216975 764521938 254186793 
532946817 179548263 183794625 896437215

193248756 348196527 524189763 291564738 
528967431 279835164 796352184 843917652 
746531289 615247389 183476592 657283419 
315429678 863924715 278695431 426175983 
279816543 421758936 459713628 519348267 
684375192 597613842 361824975 738629145 
837652914 152369478 615938247 185492376 
961784325 734582691 847261359 974836521 
452193867 986471253 932547816 362751894

421369587 892167345 731825964 932175846 
678254193 765342819 659174823 817946253 
953718642 431895762 428396715 654238179 
536427819 954681273 247513698 371562984 
749186325 627534981 963487152 495381762 
182935764 318729456 815269437 268794315 
267541938 149276538 396758241 123657498 
894673251 573918624 174632589 589413627 
315892476 286453197 582941376 746829531

932174865 953482176 196483752 615739428 
457628913 781396245 485972136 248561739 
186935472 246517389 372651498 379428156 
279851346 164278593 839145627 561973284 
618342597 539641728 647298513 432186597 
345796128 827935614 251367849 897245613 
794563281 492163857 924816375 926317845 
823417659 375824961 718539264 183654972 
561289734 618759432 563724981 754892361

231457896 392851647 291486735 239874516 
576298143 741936258 584739162 574261839 
984163527 685742913 736512489 816593274 
318746259 513624789 165273894 321957648 
645329781 964387521 842691573 465138792 
792581634 827519364 379854621 798642153 
857914362 139268475 953168247 642315987 
463872915 476195832 627945318 183729465 
129635478 258473196 418327956 957486321

571832946 284693517 854736219 512769438 
692547381 631875924 369812475 968243517 
483619572 957142368 172954836 437518629 
726981435 569284173 798423561 824975361 
154273698 813967245 416598723 796431852 
839465127 742531896 235167984 153826974 
945128763 375429681 683245197 389157246 
267354819 496318752 947681352 641392785 
318796254 128756439 521379648 275684193

812364579 298673514 416537928 298541763 
376159248 546291738 987216543 764293158 
549827361 371584296 523984176 351876429 
421985637 127965483 648321759 687425931 
793641825 439128657 235879614 532918647 
685273914 685437921 791465832 419637285 
134592786 853742169 159642387 945782316 
258716493 762319845 872193465 873164592 
967438152 914856372 364758291 126359874

264795831 572361849 958724316 175463298 
379861254 614798532 326581479 463928517 
581234796 398245167 714936258 928517364 
452318679 267453981 462157893 241759683 
837629145 149682375 875693142 357846921 
916457328 853179624 139842567 689132745 
128543967 436917258 543279681 736284159 
695172483 925834716 687315924 812395476 
743986512 781526493 291468735 594671832

764125983 698435127 269135748 847631952 
932768154 134872659 158674239 153892647 
158349267 527196348 437829165 269574831 
527836419 479658213 716253894 426915378 
416297835 265319874 842796351 935748126 
389514726 813247965 395481672 718326495 
245671398 781924536 571968423 591487263 
873952641 356781492 924317586 684253719 
691483572 942563781 683542917 372169584

574261983 821367549 243861759 827916534 
612938574 475289631 817593264 349857261 
839745261 639154782 659427381 165432987 
921657348 246938175 481936527 253649718 
783194652 957412368 572148693 486721395 
456823197 318576294 936752148 971583426 
348516729 164795823 168274935 698374152 
195472836 582643917 394615872 514298673 
267389415 793821456 725389416 732165849

374568219 462375891 693754218 893142576 
621937458 718964235 451628793 247635198 
589214376 593812476 278319546 651987342 
295846137 984721563 385162479 138596724 
136792584 235496718 742895361 475218639 
847351962 671583924 916473852 926374815 
453689721 146257389 867531924 514823967 
718423695 857639142 524986137 789461253 
962175843 329148657 139247685 362759481

685329147 842571963 957426831 498735126 
971456823 731496528 261783495 235641879 
342178596 596823714 384195672 617892543 
594237618 985217346 872319546 381264795 
713864259 267934185 639254718 926157438 
826591734 413658279 145678329 574983612 
458713962 154382697 493561287 153426987 
167942385 629745831 528947163 842579361 
239685471 378169452 716832954 769318254