2143 1234 3412 1234 
4321 4312 2143 4312 
3214 2143 1234 3421 
1432 3421 4321 2143

4231 1243 4321 4132 
1342 4312 2134 2314 
3124 2134 1243 1243 
2413 3421 3412 3421

4213 3241 4231 3214 
1324 4132 3142 1432 
3142 2314 2314 4123 
2431 1423 1423 2341

4321 2413 4213 3412 
2143 3124 1342 2143 
3412 1342 2431 1234 
1234 4231 3124 4321

4231 3214 1432 3241 
1342 1432 3241 1432 
3124 2143 2314 4123 
2413 4321 4123 2314

4132 2314 4321 2431 
2341 1423 1243 3124 
1423 3142 3412 4213 
3214 4231 2134 1342

1243 1324 1243 2341 
4312 2413 3412 1432 
3124 3241 2134 3124 
2431 4132 4321 4213

3412 2341 2143 3241 
1243 4123 3412 1432 
4321 1234 4321 2314 
2134 3412 1234 4123

3241 2431 4321 1432 
1423 1342 1234 3241 
4312 3124 2143 2314 
2134 4213 3412 4123

3142 2143 1243 1243 
2431 3412 4321 3421 
4213 1324 2134 4132 
1324 4231 3412 2314

2314 3241 2431 4321 
1423 1432 3142 1243 
4231 2314 4213 2134 
3142 4123 1324 3412

2341 2143 4231 4213 
4132 3412 1342 1324 
3214 1324 3124 3142 
1423 4231 2413 2431

3142 2413 1342 4231 
4231 3124 4231 3124 
1423 4231 3124 2413 
2314 1342 2413 1342

2341 4321 2413 2341 
4123 2143 1324 4132 
3412 3412 4132 3214 
1234 1234 3241 1423

4231 2134 3214 1243 
1342 3421 4132 3412 
2413 4312 2341 2134 
3124 1243 1423 4321



